function[psato,psatm,psatp]=getpsatxylene(T)
psato=10^(6.99891-1474.679/(T+213.69));
psatm=10^(7.00908-1462.266/(T+215.11));
psatp=10^(6.99052-1453.430/(T+215.31));
end